0 0.00000
1 0.92079
2 0.25743
3 0.85149
4 0.00000
5 0.56436
6 0.23762
7 0.96040
8 0.00000
9 0.64356
10 0.41584
11 0.62376
12 0.00000
13 0.00000
14 0.49505
15 0.48515
16 0.25743
17 0.87129
18 0.50198
19 1.00000
20 0.31683
21 0.93069
22 0.51931
23 1.00000
24 0.39604
25 0.70297
26 0.58911
27 0.78218
28 0.10891
29 0.38614
30 0.48977
31 0.94059
32 0.00000
33 0.80198
34 0.45545
35 0.73267
36 0.00000
37 0.74257
38 0.37624
39 0.84158
40 0.00000
41 0.61205
42 0.47525
43 0.54455
44 0.00000
45 0.51634
46 0.37624
47 0.62376
48 0.63366
49 0.75248
50 1.00000
51 1.00000
52 0.37624
53 0.80198
54 0.69686
55 1.00000
56 0.81188
57 0.99010
58 0.77228
59 0.75248
60 0.50297
61 0.70297
62 0.68267
63 0.87129
64 0.00000
65 0.68317
66 0.33663
67 0.67327
68 0.00000
69 0.00000
70 0.10891
71 0.32673
72 0.00000
73 0.26518
74 0.33663
75 0.49884
76 0.00000
77 0.00000
78 0.00000
79 0.00000
80 0.31683
81 0.62376
82 0.59373
83 0.80198
84 0.43564
85 0.48515
86 0.51320
87 0.91089
88 0.27723
89 0.51304
90 0.50264
91 0.76238
92 0.00000
93 0.00000
94 0.17162
95 0.51485
96 0.00000
97 0.59092
98 0.85149
99 0.95050
100 0.00000
101 0.52492
102 0.50495
103 0.70297
104 0.00000
105 0.50396
106 0.47376
107 0.66337
108 0.04950
109 0.30165
110 0.41832
111 0.68317
112 0.51485
113 0.58416
114 0.79208
115 0.75248
116 0.33663
117 0.60396
118 0.67261
119 0.89109
120 0.49983
121 0.60809
122 0.49257
123 0.82178
124 0.40594
125 0.64356
126 0.50066
127 0.86139
128 0.00000
129 0.49257
130 0.33663
131 0.66667
132 0.00000
133 0.08581
134 0.39604
135 0.49868
136 0.00000
137 0.42657
138 0.37624
139 0.39604
140 0.00000
141 0.00000
142 0.49505
143 0.46535
144 0.35644
145 0.67277
146 0.51419
147 0.72145
148 0.35644
149 0.50561
150 0.49637
151 0.49950
152 0.35644
153 0.50363
154 0.47046
155 0.39604
156 0.08911
157 0.16832
158 0.29703
159 0.37624
160 0.00000
161 0.48845
162 0.61386
163 0.69307
164 0.00000
165 0.50924
166 0.51964
167 0.60611
168 0.00000
169 0.49868
170 0.55446
171 0.53465
172 0.00000
173 0.33663
174 0.35644
175 0.39604
176 0.71287
177 0.73267
178 1.00000
179 1.00000
180 0.49983
181 0.58647
182 0.48779
183 0.50594
184 0.91089
185 0.73267
186 0.69307
187 0.43564
188 0.45545
189 0.37624
190 0.31683
191 0.31683
192 0.00000
193 0.41601
194 0.37624
195 0.51188
196 0.00000
197 0.00000
198 0.14851
199 0.10891
200 0.00000
201 0.08911
202 0.00000
203 0.00000
204 0.00000
205 0.00000
206 0.00000
207 0.00000
208 0.33663
209 0.35644
210 0.46502
211 0.35644
212 0.39604
213 0.43564
214 0.39604
215 0.35644
216 0.00000
217 0.00000
218 0.00000
219 0.00000
220 0.00000
221 0.00000
222 0.00000
223 0.00000
224 0.00000
225 0.50809
226 0.97030
227 0.69307
228 0.00000
229 0.31683
230 0.39604
231 0.37624
232 0.00000
233 0.00000
234 0.00000
235 0.00000
236 0.00000
237 0.00000
238 0.00000
239 0.00000
240 0.51485
241 0.45545
242 0.67327
243 0.51485
244 0.29703
245 0.29703
246 0.29703
247 0.27723
248 0.00000
249 0.00000
250 0.00000
251 0.00000
252 0.00000
253 0.00000
254 0.00000
255 0.00000
